0 0
0 1
0 -1
0 2
0 -2
0 3
0 -3
0 4
0 -4
0 5
0 -5
-1 1
-1 0
-2 1
-2 0
-3 0
-1 -1
-3 1
-4 1
-5 1
1 0
-5 2
1 1
-6 2
-7 2
1 -1
-7 3
2 -1
-6 3
2 0
-6 4
2 1
-5 4
-5 5
2 2
-4 4
-3 4
-2 4
-1 4
-2 3
-2 5
-2 6
-1 2
-3 6
-3 7
-3 5
1 2
3 2
-1 5
3 1
-4 6
4 2
5 2
-1 6
4 1
5 1
-1 7
6 1
0 7
6 2
1 7
1 8
7 1
2 8
3 8
6 0
7 0
2 9
7 -1
2 10
7 -2
2 11
7 -3
7 -4
3 10
6 -4
4 10
6 -3
4 11
8 -3
8 -4
9 -4
1 10
10 -4
1 11
11 -4
0 11
11 -3
0 12
10 -3
10 -5
-1 12
10 -6
11 -5
9 -5
9 -6
5 10
6 10
8 -5
8 -6
5 11
9 -7
8 -7
10 -7
11 -7
11 -6
3 9
12 -7
3 11
10 -8
10 -9
3 12
11 -9
4 12
12 -9
13 -9
2 12
13 -8
14 -9
2 13
15 -9
14 -8
1 9
14 -7
13 -7
0 9
0 10
12 -8
2 7
2 6
1 6
1 5
0 6
2 5
12 -6
2 4
13 -6
12 -5
12 -4
1 12
1 13
3 13
11 -2
3 14
12 -2
4 14
2 14
12 -3
11 -1
12 -1
11 0
1 14
11 1
1 15
12 1
12 0
0 14
13 0
0 13
13 1
-1 13
13 2
12 2
-1 11
-2 11
-3 11
-3 12
-3 13
-2 13
13 3
14 3
14 4
-2 12
15 3
-4 11
-4 10
15 2
-4 9
14 2
-3 9
14 1
15 1
-3 10
14 0
-4 12
14 -1
15 -1
15 0
-5 9
-6 9
-5 8
16 1
-3 8
16 0
16 -1
16 -2
-4 8
-4 7
-5 7
-6 7
15 -2
-2 9
17 -1
-2 8
17 -2
-1 8
-1 9
18 -1
19 -1
19 -2
19 -3
18 -3
18 -4
17 -3
16 -3
16 -4
18 -2
-2 7
17 -4
16 -5
16 -6
17 -5
15 -4
15 -5
15 -6
15 -7
-4 5
-4 3
-5 3
13 -5
-4 2
-3 3
14 -5
14 -6
-1 3
7 -6
6 -6
7 -5
6 -5
5 -5
5 -4
4 -4
4 -5
5 -6
-5 6
5 -7
4 -6
-6 6
3 -6
-6 5
2 -6
3 -5
2 -5
2 -4
1 -4
-6 1
-7 1
-8 2
-1 -4
-2 -4
-3 -4
-3 -3
-2 -3
-3 2
-1 -3
-1 -2
-5 0
-1 -5
-6 0
-6 -1
-6 -2
-5 -1
-2 -5
-5 -2
-1 -6
-2 -6
-2 -7
-3 -7
-3 -8
-2 -8
-2 -9
-1 -9
-1 -8
-4 -1
-1 -7
-3 -1
-3 -2
-4 -2
0 -7
0 -8
-3 -5
0 -6
-3 -6
1 -6
1 -7
2 -7
-4 -8
-5 -8
-6 -8
-5 -9
-5 -10
-4 -10
-4 -9
3 -4
-3 -9
-3 -10
4 -7
-2 -10
4 -8
3 -8
2 -8
-6 -10
-7 -10
1 -8
-7 -11
1 -9
-8 -11
-8 -10
-9 -10
-8 -9
-9 -9
0 -9
-1 -10
-7 -9
0 -10
-6 -9
-6 -11
-7 -12
-6 -12
-5 -12
-4 -12
-4 -11
-4 -6
-5 -6
-6 -6
-6 -5
-7 -5
1 -5
-7 -4
-7 -3
-6 -4
-5 -4
-5 -3
-4 -3
1 -3
2 -3
-6 -3
1 -2
2 -2
-5 -5
-4 -7
-4 -5
-2 -2
-2 -1
-4 -4
-4 0
-7 -2
-7 -1
-7 0
-8 -2
-2 2
1 4
-3 -11
3 4
-2 -11
-2 -12
-3 -12
4 4
5 4
6 4
-2 -13
5 5
-1 -13
4 5
-1 -14
4 6
-1 -15
3 6
-1 -16
0 -15
4 3
5 3
0 -14
5 6
1 -14
2 -14
3 -14
3 -15
4 -14
6 3
5 -14
7 3
6 -14
8 3
6 -13
5 -13
7 4
5 -15
7 2
4 -15
2 -15
1 -15
8 0
0 -16
0 -17
-1 -17
-1 -18
-1 -19
0 -19
0 -18
0 -20
-1 -20
4 0
-2 -20
3 0
3 -1
3 -2
-2 -19
3 -3
1 -19
1 -18
2 -18
2 -17
2 -16
3 -16
4 -16
4 -3
4 -2
5 -16
6 -16
3 -7
6 -15
5 -8
4 -9
4 -10
5 -9
6 -9
6 -8
5 -12
5 -11
5 -10
7 -9
8 -9
6 -7
8 -10
7 -7
8 -8
9 -3
9 -8
8 -2
9 -2
9 -1
7 -8
8 -1
9 0
9 1
9 2
10 2
10 3
10 1
9 -10
9 -9
9 -11
9 -12
10 -2
10 -11
10 -10
8 -11
7 -10
7 -11
6 -11
6 -12
8 4
8 5
8 6
8 7
8 8
9 8
9 9
10 9
2 -13
9 7
9 6
10 7
2 -12
10 6
2 -11
1 -11
11 7
0 -11
11 6
0 -12
0 -13
11 8
1 -13
1 -12
3 -13
12 6
13 6
12 7
13 7
14 6
14 7
12 8
12 9
13 9
4 -13
14 9
4 -12
15 9
3 -12
14 10
13 10
13 11
12 10
14 8
15 8
15 7
13 8
-2 -15
-2 -16
-2 -17
12 5
-3 -17
11 5
11 4
-2 -18
-3 -19
12 4
-4 -19
12 3
-3 -18
-3 -20
-4 -20
-4 -21
-5 -21
-5 -20
11 2
-4 -18
10 0
-4 -22
-3 -21
-3 -22
8 1
-6 -20
-6 -21
-5 -19
-6 -19
5 0
6 -1
6 -2
-4 -23
5 -3
-2 -21
4 -1
0 -21
0 -22
-1 -22
-1 -23
0 -23
3 3
-1 -21
5 -1
5 -2
8 2
9 5
10 5
7 5
-5 -22
-6 -22
-7 -22
-7 -21
-8 -21
-8 -20
9 3
-8 -22
-9 -22
-9 -23
-9 -24
9 4
-9 -25
10 4
-10 -24
-11 -24
-10 -23
-10 -22
-10 -21
-10 -20
-10 -19
-9 -19
-9 -20
11 3
-9 -21
13 -1
-8 -19
-8 -18
14 -2
-9 -18
-8 -17
-9 -17
-10 -18
-7 -18
-6 -18
-7 -17
16 2
16 3
17 3
17 4
18 4
17 5
-10 -17
17 6
-10 -16
17 7
-9 -16
18 7
18 6
17 8
18 8
19 8
19 7
19 6
19 5
20 6
21 6
22 6
22 5
23 5
21 7
20 7
20 8
20 9
16 8
14 5
15 5
16 5
16 6
16 7
-11 -20
20 10
-11 -18
21 9
21 8
-11 -17
22 8
-11 -16
22 9
-12 -16
23 8
23 7
-12 -15
-11 -15
-13 -15
23 9
24 9
24 10
-10 -15
23 10
-10 -14
23 11
-9 -14
24 11
-9 -13
25 11
-10 -13
26 11
-10 -12
26 12
-10 -11
27 12
27 13
27 14
-9 -11
27 15
26 14
26 15
-8 -8
-9 -8
27 16
28 16
-7 -8
26 16
-6 -7
-5 -7
28 14
-7 -6
28 13
-8 -6
28 12
-8 -5
27 11
-8 -7
-9 -7
25 14
-7 -7
24 14
24 13
23 13
22 13
22 14
22 12
23 12
24 12
25 12
26 13
-9 -2
28 15
-9 -3
29 16
-9 -1
30 16
-10 -1
31 16
32 16
-10 -2
-11 -2
30 15
29 15
29 14
-10 0
-11 0
-9 0
28 17
29 17
30 17
-12 0
-12 1
-12 -1
-11 -1
29 18
30 18
-11 1
28 18
-11 2
-11 3
29 19
28 19
-10 2
-9 2
27 18
-8 3
31 18
29 20
-12 3
30 19
30 20
-11 4
30 21
31 21
-10 3
30 22
31 22
32 22
33 22
33 21
34 22
34 21
32 21
-9 3
-9 4
-9 5
-10 5
32 23
-10 4
33 23
31 23
30 23
-12 2
29 23
29 24
28 24
27 24
-13 3
26 24
-14 3
25 24
-14 4
24 24
-14 5
-13 5
25 25
-12 5
24 25
-11 5
-11 6
24 23
-10 6
-10 7
23 24
-9 7
22 24
-9 6
22 23
-8 5
22 25
-8 4
22 26
22 27
23 27
23 28
24 27
24 26
23 26
22 28
-12 4
-13 6
-12 6
23 25
25 23
25 26
26 25
27 25
28 25
28 26
-10 1
27 26
-8 0
-8 -1
27 23
27 22
26 23
-7 4
29 25
-7 5
30 24
30 25
31 25
31 24
32 24
32 25
32 26
31 26
30 26
30 27
31 27
31 28
31 29
30 29
30 30
-11 7
-8 6
29 22
28 22
28 23
-9 1
-8 1
26 26
26 27
26 28
26 29
27 29
27 30
27 31
-10 -3
28 31
-9 -4
-9 -5
26 30
-10 -5
-10 -6
-9 -6
26 31
27 28
25 29
27 27
25 28
25 27
-5 -11
-8 -12
-9 -12
29 26
28 21
29 21
28 20
27 20
26 20
26 19
25 19
26 18
1 -10
2 -9
26 17
27 17
25 18
25 20
24 20
24 19
24 21
24 22
25 22
7 -12
8 -12
26 22
27 21
7 -13
9 -13
9 -14
10 -14
11 -14
11 -15
11 -16
12 -16
12 -15
10 -15
11 -13
11 -12
12 -13
12 -12
12 -11
13 -11
13 -12
14 -12
14 -11
12 -10
13 -10
33 26
14 -10
13 -13
14 -13
33 20
32 20
32 19
31 19
13 -14
14 -14
14 -15
15 -14
15 -15
14 -16
14 -17
15 -17
15 -18
31 20
14 -18
34 20
13 -18
13 -17
12 -17
12 -18
35 22
36 22
37 22
13 -19
38 22
38 21
39 21
12 -19
39 20
38 20
13 -20
38 19
12 -20
38 18
12 -21
38 17
11 -21
37 17
11 -22
11 -23
39 17
39 16
10 -22
38 16
9 -22
8 -22
40 16
7 -22
41 16
7 -23
41 17
8 -23
42 17
9 -23
42 16
43 16
43 17
10 -23
44 17
10 -24
44 16
45 17
46 17
46 18
45 18
10 -21
46 16
47 16
9 -21
8 -21
7 -21
47 15
7 -20
47 14
6 -20
46 14
5 -20
46 13
4 -20
46 12
4 -19
47 12
47 13
4 -21
48 13
49 13
47 11
6 -19
7 -19
48 12
49 12
49 11
49 10
50 10
50 11
50 12
7 -18
8 -18
8 -17
9 -17
51 11
10 -17
52 11
11 -17
53 11
11 -18
50 9
10 -18
10 -19
11 -19
11 -20
9 -19
8 -19
50 13
50 14
51 14
7 -17
6 -17
49 14
51 13
7 -16
52 13
7 -15
53 13
8 -15
54 13
8 -14
53 12
9 -15
52 12
9 -16
52 14
9 -18
48 11
48 10
48 9
47 9
46 9
8 -20
46 10
46 11
6 -21
6 -22
45 10
5 -21
45 9
5 -22
44 9
44 8
43 8
45 8
5 -19
44 10
44 11
47 10
7 -24
8 -24
8 -25
51 10
8 -26
8 -27
8 -28
8 -29
7 -29
7 -28
6 -28
6 -29
51 12
5 -29
4 -29
4 -30
3 -30
54 11
3 -31
54 12
55 12
2 -30
1 -30
0 -30
56 12
0 -29
57 12
0 -28
57 11
0 -27
56 11
1 -27
57 10
56 10
58 11
58 10
-1 -30
-1 -29
-1 -28
57 9
-2 -29
-2 -30
-3 -29
56 9
-2 -28
55 9
-2 -27
55 10
54 9
-1 -27
55 8
-2 -26
56 8
-2 -25
56 7
-3 -26
57 8
-2 -24
-1 -24
0 -24
54 8
54 10
53 10
53 8
53 9
1 -20
1 -21
1 -22
2 -22
3 -22
4 -22
58 8
58 9
3 -21
59 9
59 10
60 10
60 11
60 12
61 12
9 -20
59 11
6 -18
8 -16
53 7
54 7
54 6
53 6
54 5
55 5
55 6
55 7
5 -18
56 6
57 6
57 7
57 5
57 4
58 4
58 5
58 6
59 6
10 -20
59 7
60 7
60 6
60 5
61 6
61 5
61 4
60 4
61 3
60 3
59 3
59 4
59 5
60 2
61 2
61 1
61 0
61 -1
60 -1
60 0
60 -2
60 -3
5 -17
59 -3
59 -4
60 -4
59 -5
59 -6
59 -7
58 -7
4 -18
58 -8
3 -18
59 -8
58 -9
3 -19
59 -9
60 -8
61 -8
61 -9
62 -9
62 -10
61 -10
62 -8
4 -17
3 -17
61 -7
62 -7
63 -7
63 -8
3 -20
2 -20
63 -6
64 -6
2 -21
65 -6
65 -7
65 -8
65 -9
66 -9
66 -8
1 -23
66 -10
2 -23
66 -11
67 -11
67 -12
66 -12
67 -13
68 -12
68 -13
68 -11
68 -10
67 -10
69 -10
69 -11
70 -11
71 -11
72 -11
72 -10
73 -10
73 -11
71 -10
72 -12
72 -13
73 -13
2 -19
74 -13
74 -14
73 -14
73 -12
71 -12
70 -12
71 -13
72 -14
74 -15
73 -15
72 -15
71 -15
71 -16
72 -16
72 -17
72 -18
72 -19
72 -20
72 -21
72 -22
73 -22
74 -22
75 -22
75 -23
6 -23
74 -23
6 -24
76 -23
75 -24
75 -21
76 -21
76 -22
74 -21
73 -21
73 -23
74 -24
74 -25
75 -25
4 -23
4 -24
76 -24
4 -25
3 -25
3 -24
3 -23
73 -24
72 -24
3 -26
72 -23
3 -27
2 -25
1 -25
1 -24
0 -25
-1 -25
74 -20
1 -26
2 -26
77 -23
78 -23
0 -26
78 -22
77 -22
1 -28
-1 -26
76 -25
76 -26
75 -26
75 -27
75 -28
76 -28
77 -28
77 -29
2 -27
78 -29
78 -28
2 -28
3 -28
78 -27
79 -27
80 -27
81 -27
81 -28
2 -24
80 -28
80 -29
80 -30
79 -30
80 -31
81 -31
82 -31
83 -31
82 -30
82 -32
81 -32
83 -30
83 -29
83 -28
84 -28
84 -27
85 -28
84 -29
85 -27
84 -26
85 -26
86 -26
4 -27
85 -25
87 -26
87 -27
3 -29
88 -26
88 -27
5 -28
87 -28
5 -27
87 -29
88 -29
4 -28
87 -30
86 -30
86 -29
4 -26
85 -29
86 -28
86 -27
89 -29
5 -30
5 -31
88 -28
6 -31
4 -31
5 -32
6 -32
6 -33
7 -33
7 -34
7 -35
7 -36
6 -36
6 -37
5 -37
88 -30
5 -38
88 -31
5 -39
89 -31
6 -39
90 -31
7 -39
8 -39
9 -39
10 -39
89 -30
10 -40
10 -41
10 -42
9 -42
9 -43
8 -43
8 -44
8 -42
88 -32
7 -42
89 -32
90 -32
91 -32
91 -31
7 -43
7 -44
88 -33
7 -45
87 -33
7 -46
87 -32
8 -46
87 -31
8 -45
7 -47
7 -48
7 -49
7 -50
7 -51
7 -52
7 -53
8 -53
9 -53
9 -52
9 -54
9 -55
8 -55
7 -55
7 -54
86 -31
8 -54
85 -31
84 -31
83 -32
6 -52
6 -51
8 -51
85 -30
9 -51
8 -50
8 -49
85 -32
6 -50
85 -33
5 -51
86 -32
5 -52
4 -52
84 -32
4 -51
4 -50
5 -50
84 -33
5 -49
83 -33
82 -33
4 -49
82 -34
83 -34
6 -49
84 -34
84 -35
83 -35
85 -35
10 -51
85 -34
9 -50
86 -34
8 -52
84 -30
10 -55
10 -54
10 -53
86 -35
86 -33
11 -53
12 -53
13 -53
13 -52
12 -52
11 -54
11 -52
12 -54
13 -54
13 -55
14 -53
14 -52
14 -51
14 -50
13 -50
12 -50
12 -51
13 -51
79 -29
79 -28
14 -54
11 -55
77 -27
76 -29
75 -29
74 -27
75 -30
74 -30
76 -30
73 -30
74 -29
74 -28
73 -28
73 -29
14 -55
14 -56
13 -56
74 -31
13 -57
12 -57
12 -56
11 -56
74 -26
73 -25
14 -57
11 -57
10 -57
12 -58
11 -58
77 -24
77 -25
12 -55
78 -25
78 -26
76 -27
77 -26
79 -26
15 -52
15 -51
15 -50
72 -29
72 -30
72 -31
10 -52
71 -31
71 -30
11 -51
70 -30
71 -29
70 -29
70 -31
13 -49
14 -49
72 -28
72 -27
73 -27
73 -26
72 -25
15 -55
71 -25
16 -55
71 -24
16 -54
70 -24
17 -54
70 -23
18 -54
69 -23
18 -53
69 -22
18 -52
68 -22
17 -52
67 -22
17 -51
66 -22
17 -53
16 -53
16 -52
16 -51
66 -21
16 -50
66 -20
16 -49
16 -48
65 -21
16 -47
64 -21
15 -47
64 -20
15 -46
65 -20
15 -45
16 -46
64 -22
16 -45
65 -22
17 -45
18 -45
18 -44
18 -46
19 -46
20 -46
66 -23
19 -45
67 -23
20 -45
68 -23
19 -44
20 -44
21 -45
21 -44
21 -43
71 -23
22 -43
22 -42
21 -42
20 -42
20 -43
19 -43
17 -44
14 -45
14 -44
13 -45
13 -44
12 -44
12 -45
12 -46
12 -47
11 -47
11 -46
10 -46
9 -46
77 -30
9 -47
78 -30
9 -48
78 -31
8 -48
77 -31
78 -32
78 -33
78 -34
79 -34
80 -34
81 -34
81 -35
80 -35
5 -48
82 -35
5 -47
5 -46
6 -46
6 -45
83 -36
83 -37
5 -45
6 -44
6 -43
5 -44
6 -47
6 -48
9 -45
9 -44
89 -28
89 -27
90 -27
7 -41
91 -27
8 -41
8 -40
91 -28
91 -29
9 -40
90 -29
9 -38
9 -37
9 -36
92 -29
10 -36
92 -30
10 -37
91 -30
11 -36
11 -37
93 -29
12 -37
93 -28
94 -28
94 -27
12 -36
95 -27
13 -36
96 -27
13 -37
96 -26
97 -27
13 -38
12 -38
96 -28
11 -38
12 -39
97 -26
98 -27
12 -40
99 -27
11 -40
99 -26
11 -41
99 -25
100 -25
100 -26
100 -24
99 -24
98 -24
11 -42
98 -23
12 -42
12 -43
98 -25
13 -43
97 -25
13 -42
97 -24
13 -41
13 -40
13 -39
14 -40
14 -41
14 -42
15 -41
16 -41
101 -24
16 -42
17 -42
15 -42
99 -23
18 -42
18 -43
17 -43
97 -23
97 -22
96 -23
97 -21
96 -21
95 -21
96 -22
95 -22
95 -20
96 -20
96 -19
97 -19
97 -18
96 -18
20 -41
98 -18
98 -19
22 -44
99 -19
22 -45
100 -19
101 -19
101 -18
100 -18
100 -17
22 -46
100 -16
101 -17
23 -44
101 -20
100 -20
20 -47
19 -47
19 -48
99 -20
18 -48
17 -48
99 -18
17 -49
18 -47
96 -17
20 -48
20 -49
98 -17
21 -49
99 -17
20 -50
19 -49
21 -50
17 -46
99 -16
98 -16
97 -17
97 -16
98 -15
97 -15
96 -16
95 -16
94 -16
93 -16
17 -47
93 -17
93 -18
94 -18
94 -17
21 -46
92 -17
92 -16
91 -17
90 -17
89 -17
88 -17
88 -16
89 -16
19 -50
18 -49
90 -18
90 -19
89 -19
88 -19
88 -20
89 -20
89 -21
88 -21
87 -20
87 -21
86 -21
85 -21
85 -22
85 -23
84 -23
84 -24
84 -22
83 -22
82 -22
81 -22
15 -44
82 -21
81 -21
81 -20
81 -19
82 -20
13 -46
13 -47
83 -21
13 -48
84 -21
12 -48
85 -20
86 -20
11 -48
11 -49
10 -49
10 -48
85 -19
84 -19
9 -49
84 -18
84 -17
85 -17
86 -17
85 -18
83 -18
83 -17
83 -16
82 -16
82 -17
82 -18
82 -19
83 -19
3 -52
3 -53
84 -16
2 -52
5 -53
5 -54
4 -54
3 -54
4 -53
86 -19
3 -55
3 -56
86 -18
87 -18
2 -54
88 -18
89 -18
1 -54
0 -54
-1 -54
-1 -55
89 -15
0 -55
88 -15
0 -56
88 -14
89 -14
1 -53
1 -52
90 -15
90 -14
0 -53
91 -14
91 -15
2 -53
92 -14
92 -13
0 -52
92 -12
92 -11
-1 -53
-1 -52
93 -12
93 -13
2 -55
2 -56
2 -57
1 -57
94 -12
1 -56
94 -13
94 -14
1 -58
93 -14
1 -59
0 -59
0 -60
-1 -60
91 -12
-1 -59
91 -11
-2 -60
90 -12
-3 -60
89 -12
-3 -61
-4 -61
-5 -61
89 -13
-6 -61
-6 -60
-6 -59
-7 -59
-7 -58
-8 -58
-8 -59
-9 -59
-10 -59
88 -13
-10 -60
87 -13
-11 -60
-12 -60
-12 -61
87 -12
-13 -61
87 -11
86 -11
-12 -62
85 -11
-12 -63
85 -12
-13 -63
85 -13
-13 -62
85 -14
84 -14
84 -13
83 -14
83 -13
-13 -64
82 -13
-14 -64
81 -13
81 -12
80 -12
80 -13
-13 -65
79 -13
-13 -66
78 -13
-15 -64
79 -14
-15 -65
78 -14
-16 -65
78 -15
-16 -66
77 -15
-16 -67
76 -15
75 -15
75 -14
-16 -64
-17 -64
76 -14
-14 -65
79 -15
79 -16
79 -17
80 -17
80 -18
-14 -63
80 -19
-14 -62
-15 -62
-15 -61
79 -19
-16 -61
78 -19
-17 -61
78 -18
-17 -62
78 -17
78 -16
-18 -61
-18 -60
81 -17
81 -16
-17 -63
81 -15
-17 -65
82 -15
83 -15
-15 -66
-15 -67
82 -14
-15 -68
81 -14
-16 -68
80 -14
80 -15
77 -13
76 -13
-18 -65
77 -12
-18 -64
78 -12
79 -12
-16 -63
-15 -63
77 -14
80 -16
-17 -66
-15 -69
81 -11
-15 -70
81 -10
-14 -70
80 -11
-15 -71
-14 -71
-13 -71
-14 -69
82 -11
-13 -69
81 -9
82 -9
82 -10
-16 -69
-16 -70
83 -11
-17 -70
84 -11
-17 -71
84 -12
-17 -72
-16 -72
-15 -72
84 -15
85 -15
-13 -70
-12 -70
-12 -71
-13 -72
-13 -73
-12 -73
-11 -73
-10 -73
-10 -72
-11 -72
-11 -71
-10 -71
-10 -70
-9 -70
-8 -70
-8 -69
-8 -68
-7 -69
-6 -69
-6 -70
-5 -70
-5 -71
-6 -71
-6 -72
82 -12
-7 -72
83 -12
-7 -71
-7 -70
85 -10
84 -10
-8 -71
-8 -72
-8 -73
-8 -74
-9 -74
-9 -73
-10 -69
80 -10
79 -10
-9 -69
79 -11
-10 -68
78 -10
-9 -68
78 -11
-9 -67
77 -11
-8 -67
77 -10
76 -10
-9 -66
-8 -66
-7 -66
76 -12
76 -11
-9 -65
-9 -64
75 -12
-9 -63
74 -12
-8 -63
-7 -63
-8 -64
-10 -64
74 -11
-10 -65
-10 -66
-10 -67
-11 -67
-11 -68
-12 -67
-12 -68
-13 -68
70 -13
69 -13
-14 -68
68 -14
69 -14
70 -14
70 -15
69 -15
-13 -67
-14 -67
-14 -66
-12 -66
-12 -65
-12 -64
77 -16
76 -16
73 -16
73 -17
73 -18
74 -18
-12 -69
75 -13
75 -11
75 -10
-11 -70
76 -9
75 -9
76 -8
76 -7
75 -7
75 -6
74 -6
73 -6
72 -6
-7 -68
-7 -67
-6 -67
74 -5
-5 -67
73 -5
-5 -68
-5 -66
74 -7
74 -8
73 -7
71 -6
71 -5
70 -5
-4 -67
71 -4
-4 -66
70 -4
-3 -66
69 -4
-3 -67
68 -4
-3 -68
67 -4
-2 -68
66 -4
66 -5
66 -3
-3 -65
65 -3
-3 -64
64 -3
-3 -63
63 -3
-4 -63
-2 -63
65 -2
64 -2
-1 -63
65 -1
65 0
-2 -64
65 1
-1 -64
66 1
67 1
-1 -62
-2 -62
66 0
0 -62
68 1
-1 -61
0 -61
67 0
68 0
-2 -61
-1 -58
-1 -57
67 -1
67 -2
68 -2
0 -57
0 -58
67 -3
65 -5
65 -4
64 -4
64 -5
63 -4
62 -4
2 -59
62 -5
2 -60
61 -4
3 -60
3 -59
61 -3
3 -61
2 -61
58 -4
3 -58
60 -5
2 -58
58 -5
58 -6
4 -60
4 -59
58 -10
5 -60
57 -10
5 -61
57 -11
6 -61
56 -11
5 -59
57 -9
57 -8
57 -7
5 -58
56 -7
4 -58
56 -6
55 -6
6 -58
54 -6
6 -57
54 -5
54 -4
7 -58
8 -58
9 -58
55 -4
55 -3
54 -3
8 -59
55 -2
7 -59
56 -3
9 -59
56 -2
9 -60
9 -61
57 -3
10 -61
57 -2
57 -1
8 -61
58 -1
8 -60
58 0
58 1
8 -62
59 1
7 -62
7 -63
57 0
9 -62
59 -1
58 -2
58 -3
7 -60
6 -60
7 -61
53 -3
8 -63
53 -4
9 -63
52 -4
52 -3
10 -62
52 -2
52 -1
52 0
53 0
53 1
54 0
55 0
55 -1
7 -64
56 -1
7 -65
8 -65
8 -64
9 -65
56 0
9 -66
8 -66
55 1
7 -66
54 1
6 -65
6 -66
6 -67
52 1
51 1
6 -68
7 -68
53 2
8 -68
52 2
8 -69
52 3
8 -67
9 -67
10 -67
54 -1
53 -1
51 -2
51 -1
6 -64
53 -2
54 -2
5 -64
5 -65
5 -66
5 -67
50 -2
50 -1
7 -67
7 -69
7 -70
6 -69
5 -69
4 -69
3 -69
3 -70
4 -70
4 -71
4 -72
3 -72
2 -72
51 -3
2 -73
50 -3
1 -73
50 -4
49 -4
48 -4
48 -3
49 -3
3 -71
49 -1
49 -2
3 -73
4 -73
4 -74
4 -75
4 -76
5 -76
6 -76
6 -77
47 -4
7 -77
5 -77
47 -3
7 -76
46 -3
46 -4
47 -5
46 -5
8 -77
9 -77
46 -6
9 -76
9 -75
45 -4
45 -3
8 -76
8 -75
9 -78
47 -6
6 -75
7 -75
7 -74
8 -74
8 -73
9 -73
9 -74
49 -5
10 -74
10 -75
45 -2
10 -76
44 -2
10 -77
10 -78
11 -78
43 -2
11 -79
42 -2
11 -80
42 -3
12 -80
41 -3
11 -81
40 -3
40 -4
12 -79
41 -4
42 -4
10 -79
41 -2
9 -79
8 -79
7 -79
12 -78
43 -3
43 -4
43 -5
9 -80
10 -80
40 -2
9 -81
41 -1
9 -82
40 -1
10 -82
11 -82
39 -2
9 -83
39 -1
8 -83
7 -83
40 0
6 -83
39 0
6 -82
6 -81
38 -1
6 -84
38 0
7 -84
7 -85
6 -85
40 1
39 1
39 2
40 2
39 3
40 3
8 -85
38 2
8 -86
8 -87
38 1
9 -85
8 -84
41 0
7 -82
7 -81
42 0
7 -80
42 -1
8 -80
43 0
43 1
42 1
11 -77
41 1
12 -77
13 -77
42 2
13 -76
43 2
13 -75
43 3
44 2
13 -78
44 3
44 4
44 5
43 5
42 5
42 6
42 4
41 4
41 5
40 5
40 4
7 -78
8 -78
43 6
44 6
44 7
43 7
42 7
41 7
40 7
40 6
10 -81
39 6
8 -82
39 7
41 6
5 -84
5 -83
5 -85
41 3
4 -85
3 -85
4 -86
5 -86
42 3
3 -86
3 -87
4 -84
38 3
6 -86
39 4
39 5
6 -87
38 5
5 -87
37 5
37 4
36 4
36 5
38 6
38 4
37 3
36 3
35 3
35 4
35 2
35 1
34 1
34 2
4 -83
33 2
33 1
32 2
3 -84
36 2
37 2
37 1
37 0
3 -83
36 0
2 -83
36 1
2 -85
1 -85
1 -86
1 -87
0 -87
0 -88
0 -89
1 -89
1 -90
1 -91
2 -91
0 -91
34 3
2 -90
3 -90
4 -90
3 -91
